1111111111111111111111111111111111111111111111111111111111111111111111111111111111111111111111111111111111111111
1111111111111111111111111111111111111111111111111111111111111111111111111111111111111111111111111111111111111111
1111111111111111111111111111111111111111111111111111111111111111111111111111111111111111111111111111111111111111
1111111111111111111111111111111111111111111111111111111111111111111111111111111111111111111111111111111111111111
1111111111111111111111111111111111111111111111111111111111111111111111111111111111111111111111111111111111111111
1111111111111111111111111111111111111111111111111111111111111111111111111111111111111111111111111111111111111111
1111111111111111111111111122222122222222222222222121212221212121112222222221222212211111111111111111111111111111
1111122221122112122222123455565565556566555556555556555444444444345555555555555554432111111111111111111111111111
1111122222222222222221134555665655566665655665555555544444444444344555555555555555443211111111111111111111111111
1111122222222222212221234556656655566666656656655555444444444444344555555555555555544321111111111111111112111111
1111122222222222111212345556666555666666665666555544444444444444344555555555555555554422211111111111111122111111
1111122212222222212122355556665556666666665665554444445555544433334555555555555555555432211111111111111222211111
1111122221222222111223455556655666666666656655544444555555544443334555556655555555555543221111111111111111111111
1111122211222222122233555566555666666666565555444444444444444444334455555666555555555443321111111111111111111111
1111122221212221122234556666556666666665566554445444444444433444334455545556655555555444322111111111111111111111
1111122222222222222344565665566666665654555543433333232233333333334445554555655555555544432111111111111111221111
1111121112222221223345566665566666656645555434333222222222222233333445555455565554555544442111111111111111111111
1111122112222222223445656655566666566555554343333222222222222222333334455545566555445444443211111111111111111111
1111121111222222233455666656666565665555544343332222222221122222222233455554565555445555443211111111111111111111
1111111112222222234455566556666655554555443433333222222211111122222222345554566555545545444221111111111111111111
1111121122222222344555666566666656545554444433332222222211111111122222234545456555545544444321111111111111111111
1111121122222222344555665566666565455654434333332222222111111111111222233455555655554554444421111111111111111111
1111111122222223445556665666666564566554344333322222222222111111111112223454545665554555444432111111111111111111
1111111222222223445556655666665654655554443333322222222222111111111112223345545665554555444432111111111111211111
1111111122222234455566656666555545665444443333332222222222111111111111222345455565555455445432211111111111111111
1111111122222234455566566666555556654434443333332222222222111111111111222335554556555455545443211111111112111111
1111111222222344455566556665555566554434433333332222222222111111111111122334554555554455444543211111111122111111
1111111222222344555665566655555566544444433333332222222222111111111111112233555456555545444543211111111222111111
1111111222223344555655666655556665544344433333322222222222111111111111112233555456555545544544321111111122111111
1111111222223445556655666655566665444343333333332222222222211111111111112233455455555555544444321111211221111111
1111111222233445566655666655666655443443333333322222222222211111111111112233456455555555544454322111111221111111
1111111222234445566566666556666654443433333333332222222221111111111111112223456455555554554454322111111111111111
1111111122234455566666666556666654443333333333322222222221111111111111122233456445555555554544332111111222111111
1111111222344455665666565566666544434333333333322222222221111111111111122223456445555555554545432111111222111111
1111111222344555665666565566666544433333333333322222222222111111111111112223456545555555554545432111112222111111
1111112223444556666666665666666544433333333333332222222221111111111111112223456545555555555444432211112222111111
1111112223444556656665656666665444333333333333333222222211111111111111112223456545555555554444432211111222111111
1111112224445556656665666666665444344444433332222222222221111111111111112223456545545555555444533211111222111111
1111122234445566666655566666665444343334454332222222222221111121111111122223456555545555555444543221111222111111
1111122234455566666656566666654443433333345543322222222222111222111111122223466554545555555444443211111222111111
1111122344556566666556566666655444444333334555533322222222222222211222222233466555545555545444443221111221111111
1111122345556566666556666666655444555555544455564332222222222222222222222233466554555555545444443221111221111111
1111122345555666666555666666554435666666666655555433222222222233333333443333466555555545555444443221111221111111
1111123355565666655556666666554446666666666666555433222222223445555444434434456555554555555444443222111221111111
1111123455556666655556666666554446666656754456655533222222234554444333333344456555554555554444443222111222111111
1111123455556666655566666666544456666555665435665543222222233344444444333334566555554554554444443222111222111111
1111123455556666655566666665544456665454445334665543322222233444556666544334566555555554554444444222111222211111
1111223555566666655666666665544445566655654445564553322222233456666666665444566555565554555444444322111222111111
1111133555666656555666666665544444455665544444444453222222233466566646666655566555565554555444444322111222111111
1111133555666656555666666655444444444444443333334453321122223454456655566665666555565544565444444322111222211111
1111233555666666556666666655444433333433333333344544322122223344455665546666666555565554565444444322111222221111
1111234555666666556666666655444433333333322333344443221222222334455455456666666555565555565444444322211222221111
1111224556666665556666666655444333332222222233344443221122222233344555566555656555565555565444444322111222221111
1111224556666655566666666554444333222222222233334443211122222223333445555444556555565555565444444322111222221111
1111124556666655666666666554444333222222223333334443211122222222333333333344556555565555565544443322111222221111
1111124556666655666666666564444333222222222333334433211122222222223333333334456555565555555544444322111122221111
1111134556666556666666666664444333222222222333344432211122211222222222222334456555566555555544443322111222211111
1111234556666556666666665654444333322222222333344432211122221222222222222334456555566555555544443322111122211111
1111134556666566666666665653444333333222222333444322211122222122222222222233456555566555556544444322111122211111
1111124556665566666666665654444333333322223334454322221112222222222222222233456555566555556544443322111222222111
1111124556665566666666655644444333333332223344544322221112222111211122222233456555566555555544444322111122221111
1111134556665666666666655644444333333333233345444432211111222111111112222233456555566555555544443322111112121111
1111134556655566666666656644444433333333333345444443211222212111122111222233456555566555556554443322111222221111
1111234456556566666666656544444433333333333345445543322222222211111112222233466555566555556554433322111122221111
1111234556556666666666656544444433333333333334544453322442222211111112222233566556566555556554434322111222221111
1111234556555666666666656544444433333333333333444444323443222222111112222334566556566555556554434322111122221111
1111134555566666666666556544444433333333332233333334333333222221111112222334566656666655555654434322111222211111
1111134555566666666666556544444433333333322233333333332222212211111112222334566656656655555654444322111121211111
1111134454566666666666556544454433333333322233333333322222211111111121222334666666556655555664444332111122211111
1111244455666666666666556544554443333333322223332222222222211111111122223345666666656655555664444332111122211111
1111244455666666666666456544554443333333322223222222222222221111111112223345666565656655555664444332111122211111
1111244455666666666666466544554443333333333333222222222222222111111112223346666665556655555665444332211112121111
1111234455666666666665465544554444333333333333455543333222222221111112223456666665556655555665444332211122211111
1111234455666666666665465544555444333333333345555554544432222221211122233456666665556655555665444322211122211111
1111234455666666666665565554555444333333444556655544445443222222222222233456666665666655556665444332211122211111
1111234456666666666665565554555444333323466655555554555554222222212222333466666665566655555665554322111122211111
1111234456666666666665565554555444433333345554444444444554432222222222334566666665566655555666444322111122221111
1111234455666666666665565554555444433333344455443333233334543222222222334566666665566655556666454322111122221111
1111234455666666666665566554555544443333344444543333333333343222222223335666666665666655556666554322111122221111
1111234456666666666665566554655544444434444444444444343333322222222233345666666665666655556666554322111122221111
1111234456666666666665566554565554444444443333444444444433222222222233346666666665656655555666554322111122221111
1111234456666666666665566555566555444444443333333333433332222222222333456666666665666665556666554322111122221111
1111234456666666666665566555566555444444443333322223333222222222222334456666666665666655556666554322211122221111
1111234456666666666665566555566655544444443332222222222222222222223334566666666665666665556666554322211122111111
1111234456666666666665566554566655544444433332211112222222222222233345566666666665666665556666554322221112221111
1111234456666666666665565554466665554444433332211111122222222222333355566666666665566665556666554322211112221111
1111244556666666666665565555466666555444433332211111112222222222333555666666666665566665556666554322211112121111
1111245556666666666665565555456666654544443332211111111112222223345556666666666665566665556666554322211111221111
1111244556666666666665565555456666665444444332221111111111222233445556666666666665556666556666554322211112111111
1111244556666666666665566555456655566544444333222111111122222334445555666666666665566666556666554322211111111111
1111244556666666666665555555456555555554444333322222222222223344445555666666666665556666556666554322111111111111
1111244556666666666665555555445555555555544433333222222222333444444555666666666665556666556666554322111111111111
1111245556666666666665555545445554455555554443333333322223333343444455666666666665556666556666554322111111111111
1111255556666665666665556545445554444554444444433333333333333333444455666666666665556666556666654322111111111111
1111245466666666666565656545445554444444444444444444333333333333444455666666666665556666556666654322111111111111
1111255466666666666565555545445554444444444433333333333333333333444455666656666665556666556666654322111111111111
1111255566666666666555556545455544444444444333333333332222333333344455666656666665556666656666654322111111211111
1111255566666666666555555544555554433444444333333322222222223333344455566556666665456666656666654422111112111111
1111255566666666666655555544555554433444443333332222222222223333344445566566666655556666656666664422211111211111
1111255566666666666655555444544554433344443333332222222222223333344445566566666665556666656666665432211112211111
1111255566666666666655555444544554433334433333322222222222223333444455566556666665555666656666665432211112211111
1111256566666666666655555444544554433333343333322222222222223333344445566556666665555666656666666432221112211111
1111256566666666666655555444554544433333334333322222122222223333344445555556666665555666656666666532221122211111
1111255566666666666656555444544444433233333333322222212222223333344445555556666665655666666666666542221112221111
1111256566666665666655555434544444433323333333322222212222223333344445555556666665655666666666666643223222221111
1111255566666665666655545434544444443322333333322222212222223333444444555556666665655666666666666643222233332111
1111265666656666666555545434544444443322223333222222222222233333444445555556666665555666666666666654222222331111
1111255666656665666555545444544444443322223333222222222222223333344444554556666665555566666666666654312222341111
1111255666655665665555545444544444443332222333222222111122233333344444555556666665555566666666666654322222342111
1111256666655665665555544443544444433332222222222222111122233333334444445566656665555566666666665555322222342111
1111255666655665666555544444543433333332222222222211111122233333334444445556656665555666666666665555422222342111
1111256666655665656455544444543333333332222222222211111122233333334444444556656666555566666666666555532222342111
1111266666655565656455544444543333333332222222222211111222233333334444444556656666554566666666666555442222332111
1111266666655565556455544444543333333333222222222221111222333333334444444556656666555566666666666555543222333111
1111266666655555555455544454543333333333222222222221112222333333334444444556655666555566666666666555544322333111
1111266666655555555444444444543333333333322222222222122222333333334444444556655666555556666666666654544432232111
1111266666655655555444444444543333333333322222222222222233333333333444444556655666555556666666666655544432232111
1111266666655555554443444454443333333333322222222222222233333333333444444546655666555555666666666655554443232111
1111266666655555554443434454443333333333332222222222222233333333333444444556655666655555666666666655454433332111
1111265666655556454443434444443333333333332222222222222333333333333334444546655666654555666666666655454443332111
1111265666655556554433444445443323333333332222222222222333333333333444444546655666654555666666666665444443332111
1111265666644556544433444445543323333333332222222222223333333333333334444546654666654555666666666665444434333111
1111265666654556553433344455443323333333332222222222222333333333333334444546654666665555566666666665544443432111
1111255666554556554433344455553332233333322222222222222333333333333344444546654666655555566666666665544443343111
1111255665555555554333344445553332333333322222222222222333333233333334344446654666655555566666666665544434333111
1111255665545555554333344455554333333333322222222222222223332333333334344446654666656555556666666665554433333111
1111255666544556554433344455554333333333222222222222222222222333333344344545654566666555566666666665554443332111
1111255665544555554433344455454333333333222222222222222222222333333344444445664566665555565666666665544443333111
1111255666544555554433344455554333333333222222222222222222223333333343444445664466665645556666666666554443233111
1111255666544455554433344455655433333333222222222222222222223333333343444445664466665655556666666666555443333111
1111255666544455554433244445555433333322222222222222222222223333333444434445664456665555556656566666655543322111
1111255666544455554343344445555543333222222222222222222222233333333334434444565456665555555555566666666544222111
1111255666544445554343343444455544333222222222222222222222233333333434434445565446666565555554556666655544322111
1111255666544445554333344344455454433222222222222222222222233333333345433444565555666556556664566666664544422111
1111256665445545544333344344445545443222222222222222222222323333333345334444665556666656556565566666665544422111
1111256665445545544334343444444545444322222222222222222222333333333354344444565556666655646565455666665544332111
1111255665545445544334444344344554545322222223223222222222233333333454443334556555566655555554555666665544342111
1111256665445445544334434344343454544532222333333322222233333333333454333334456555556554555555555556655544442111
1111256665445445444434333344344454444542222333333332222232223333344553333334446544545554555556555555565554433111
1111256565445545444334433334444455454452222333333322222222333333444543333333445444545555565556555555555544433111
1111256555445444444334433334434445454453222233333332222223333333445533333333334555444455565566545555655544443111
1111256555455444434334333333443445445554322223333322222233333334455333333333334544434445655566544455555554443111
1111255555455444334444333333443344545454422233323322222233333333554333333333334544433455666665454555554554443111
1111256555454444334433333332443334545554432222333332222222333334553323333333234444433554666665455445454454443111
1111255554454444334434333332343334454554333222332233222222333335643322333343234444445545554655544444444445443111
1111255554554444333433333333344333454555333322222222222222333346443232333343233444453455454655544444444445444111
1111255554554445333433333323334433445445332332233332222222233455433332333343222444454554445544454444444444444111
1111255554554444233443332322344433445444433333223322222223333454432322233344322444556444444544554444444444544111
1111255554554444333443332322444443345544433333322222222222333435422322233344321344555533443444454445444444444111
1111255554554444323343332322444443344554443333332222222223334444322222333344421244555433333344454444444444444111
1111255555554444323343332322442443334454443333432222222223445554222222333334431254445433333334445444444443444111
1111255555554454323344332322441343333456444343443222222234545543222223333344433354545533233334444544444444443111
1111255555454353332334432322432344333445644444344322222344555553222233333333223454445544333333444444444444343111
1111255555454353332334332322432444333344664444435332234444443333232233333432212554445534432233344454444444333111
1111255555444354332333332422433443233344566544433345445444433343333333333332211443345533432233334445444444433111
1111155554444354332233333422424553323334456655554555665544433343333333333434321443255443432232333444544444433111
1111255554444454332233433532435543322333445665555556655544333333333333334433342442255454332222333345544444433111
1111255554344454343223334443434444322233445566656566555444333433333333344333343543346454333222233334454444443111
1111255554344454345433343235444343322233344566666555665444433433333333343234344554435544222222232333455444443111
1111245554344454445654442344444442233433334555666656665444333433333333442244344553223544322222222233445444443111
1111244543444554322224333441244422223354334455666655665544434333333333432245554254322333322222222223344544443111
1111244543444554331123434421244421112345433445566664665544334333333333422245554124432233332222223222334454444111
1111244543444556551122344322345531112345533444566664565554334333333344321345565213333233332222222222233444444111
1111245543443555562222354223443452112233334444556665566554334443334444222345536322223333332222222222223344444111
1111245543444554553222345334432244322234333344456666466544444444444333223345334532222333333222222222222334443111
1111245543444554454232234544322342233333433333456666456543333433433432233344234432222223323222222222222233443111
1111145544444443345233233444432332223533443333345666544433333323432344332133233343222222222222222222222222343111
1111123222222322222222222222222221111222222222223333222222222211221122111122222222111112111111111111111111222111
1111111111111111111111111111111111111111111111111111111111111111111111111111111111111111111111111111111111111111
1111111111111111111111111111111111111111111111111111111111111111111111111111111111111111111111111111111111111111
1111111111111111111111111111111111111111111111111111111111111111111111111111111111111111111111111111111111111111
1111111111111111111111111111111111111111111111111111111111111111111111111111111111111111111111111111111111111111
1111111111111111111111111111111111111111111111111111111111111111111111111111111111111111111111111111111111111111
1111111111111111111111111111111111111111111111111111111111111111111111111111111111111111111111111111111111111111
